5.000	2.500
5.020	0.000
5.040	6.667
5.060	0.833
5.080	10.000
5.100	3.333
5.120	3.333
5.140	2.500
5.160	4.167
5.180	3.333
5.200	5.000
5.220	4.167
5.240	3.333
5.260	3.333
5.280	2.500
5.300	4.167
5.320	6.667
5.340	1.667
5.360	2.500
5.380	2.500
5.400	4.167
5.420	6.667
5.440	6.667
5.460	4.167
5.480	5.833
5.500	8.333
5.520	4.167
5.540	1.667
5.560	4.167
5.580	4.167
5.600	0.833
5.620	4.167
5.640	5.833
5.660	5.000
5.680	4.167
5.700	3.333
5.720	5.833
5.740	4.167
5.760	8.333
5.780	3.333
5.800	3.333
5.820	4.167
5.840	3.333
5.860	4.167
5.880	5.833
5.900	3.333
5.920	3.333
5.940	3.333
5.960	4.167
5.980	1.667
6.000	1.667
6.020	1.667
6.040	2.500
6.060	2.500
6.080	0.833
6.100	5.000
6.120	3.333
6.140	4.167
6.160	5.833
6.180	3.333
6.200	2.500
6.220	3.333
6.240	5.000
6.260	2.500
6.280	1.667
6.300	1.667
6.320	3.333
6.340	2.500
6.360	3.333
6.380	2.500
6.400	10.000
6.420	5.833
6.440	5.000
6.460	2.500
6.480	1.667
6.500	7.500
6.520	10.000
6.540	4.167
6.560	1.667
6.580	5.000
6.600	3.333
6.620	5.000
6.640	3.333
6.660	3.333
6.680	1.667
6.700	5.833
6.720	5.000
6.740	5.833
6.760	10.000
6.780	2.500
6.800	2.500
6.820	1.667
6.840	5.833
6.860	4.167
6.880	0.000
6.900	1.667
6.920	4.167
6.940	6.667
6.960	4.167
6.980	3.333
7.000	5.833
7.020	4.167
7.040	3.333
7.060	3.333
7.080	5.833
7.100	5.000
7.120	4.167
7.140	6.667
7.160	3.333
7.180	4.167
7.200	2.500
7.220	6.667
7.240	4.167
7.260	5.000
7.280	6.667
7.300	5.000
7.320	9.167
7.340	1.667
7.360	3.333
7.380	6.667
7.400	3.333
7.420	4.167
7.440	4.167
7.460	0.833
7.480	0.833
7.500	5.833
7.520	2.500
7.540	11.667
7.560	4.167
7.580	7.500
7.600	1.667
7.620	1.667
7.640	2.500
7.660	1.667
7.680	4.167
7.700	2.500
7.720	5.000
7.740	4.167
7.760	5.000
7.780	6.667
7.800	4.167
7.820	5.000
7.840	5.833
7.860	3.333
7.880	5.833
7.900	2.500
7.920	3.333
7.940	5.000
7.960	3.333
7.980	6.667
8.000	1.667
8.020	2.500
8.040	2.500
8.060	4.167
8.080	1.667
8.100	4.167
8.120	1.667
8.140	3.333
8.160	3.333
8.180	2.500
8.200	2.500
8.220	4.167
8.240	5.000
8.260	5.000
8.280	4.167
8.300	5.000
8.320	3.333
8.340	3.333
8.360	4.167
8.380	4.167
8.400	3.333
8.420	5.833
8.440	8.333
8.460	3.333
8.480	3.333
8.500	5.833
8.520	3.333
8.540	3.333
8.560	7.500
8.580	8.333
8.600	6.667
8.620	3.333
8.640	11.667
8.660	0.833
8.680	7.500
8.700	4.167
8.720	5.833
8.740	5.000
8.760	1.667
8.780	10.000
8.800	3.333
8.820	8.333
8.840	6.667
8.860	4.167
8.880	5.000
8.900	5.833
8.920	2.500
8.940	2.500
8.960	8.333
8.980	8.333
9.000	5.833
9.020	3.333
9.040	3.333
9.060	3.333
9.080	3.333
9.100	2.500
9.120	5.833
9.140	3.333
9.160	0.833
9.180	2.500
9.200	4.167
9.220	8.333
9.240	4.167
9.260	6.667
9.280	2.500
9.300	6.667
9.320	1.667
9.340	4.167
9.360	4.167
9.380	7.500
9.400	5.833
9.420	9.167
9.440	8.333
9.460	5.833
9.480	4.167
9.500	4.167
9.520	7.500
9.540	5.000
9.560	5.833
9.580	10.000
9.600	4.167
9.620	2.500
9.640	5.833
9.660	4.167
9.680	4.167
9.700	5.000
9.720	5.000
9.740	5.833
9.760	5.000
9.780	3.333
9.800	3.333
9.820	2.500
9.840	6.667
9.860	4.167
9.880	5.833
9.900	2.500
9.920	4.167
9.940	7.500
9.960	0.833
9.980	3.333
10.000	6.667
10.020	5.833
10.040	5.000
10.060	3.333
10.080	5.000
10.100	8.333
10.120	5.000
10.140	7.500
10.160	4.167
10.180	5.833
10.200	4.167
10.220	5.000
10.240	4.167
10.260	5.000
10.280	9.167
10.300	9.167
10.320	5.000
10.340	2.500
10.360	5.833
10.380	7.500
10.400	8.333
10.420	5.000
10.440	7.500
10.460	10.000
10.480	5.833
10.500	9.167
10.520	5.833
10.540	5.833
10.560	5.000
10.580	5.000
10.600	7.500
10.620	4.167
10.640	8.333
10.660	10.000
10.680	5.833
10.700	10.833
10.720	3.333
10.740	7.500
10.760	5.833
10.780	7.500
10.800	3.333
10.820	5.833
10.840	3.333
10.860	2.500
10.880	3.333
10.900	2.500
10.920	4.167
10.940	3.333
10.960	5.833
10.980	8.333
11.000	5.833
11.020	4.167
11.040	4.167
11.060	3.333
11.080	5.833
11.100	5.833
11.120	7.500
11.140	1.667
11.160	10.833
11.180	5.000
11.200	5.833
11.220	10.000
11.240	8.333
11.260	4.167
11.280	5.000
11.300	4.167
11.320	5.000
11.340	8.333
11.360	0.833
11.380	10.833
11.400	5.833
11.420	6.667
11.440	7.500
11.460	11.667
11.480	9.167
11.500	5.000
11.520	4.167
11.540	5.833
11.560	3.333
11.580	5.000
11.600	5.833
11.620	5.833
11.640	5.000
11.660	5.000
11.680	6.667
11.700	7.500
11.720	8.333
11.740	4.167
11.760	5.000
11.780	5.000
11.800	4.167
11.820	5.000
11.840	5.000
11.860	5.000
11.880	3.333
11.900	4.167
11.920	3.333
11.940	7.500
11.960	7.500
11.980	9.167
12.000	6.667
12.020	9.167
12.040	5.833
12.060	5.000
12.080	3.333
12.100	7.500
12.120	5.833
12.140	5.833
12.160	9.167
12.180	5.833
12.200	4.167
12.220	8.333
12.240	10.000
12.260	8.333
12.280	9.167
12.300	8.333
12.320	0.833
12.340	3.333
12.360	2.500
12.380	7.500
12.400	4.167
12.420	5.000
12.440	9.167
12.460	6.667
12.480	10.000
12.500	10.000
12.520	3.333
12.540	8.333
12.560	6.667
12.580	6.667
12.600	10.000
12.620	5.833
12.640	6.667
12.660	5.000
12.680	5.833
12.700	6.667
12.720	5.000
12.740	4.167
12.760	9.167
12.780	3.333
12.800	5.833
12.820	2.500
12.840	5.833
12.860	3.333
12.880	9.167
12.900	5.000
12.920	7.500
12.940	9.167
12.960	9.167
12.980	4.167
13.000	3.333
13.020	5.833
13.040	6.667
13.060	5.000
13.080	8.333
13.100	4.167
13.120	6.667
13.140	5.833
13.160	9.167
13.180	6.667
13.200	5.833
13.220	5.833
13.240	6.667
13.260	9.167
13.280	2.500
13.300	3.333
13.320	2.500
13.340	1.667
13.360	3.333
13.380	8.333
13.400	9.167
13.420	4.167
13.440	8.333
13.460	6.667
13.480	5.000
13.500	4.167
13.520	4.167
13.540	4.167
13.560	3.333
13.580	8.333
13.600	5.000
13.620	3.333
13.640	8.333
13.660	4.167
13.680	7.500
13.700	4.167
13.720	5.833
13.740	4.167
13.760	5.000
13.780	4.167
13.800	5.833
13.820	6.667
13.840	5.000
13.860	7.500
13.880	4.167
13.900	3.333
13.920	5.833
13.940	9.167
13.960	8.333
13.980	7.500
14.000	5.000
14.020	4.167
14.040	9.167
14.060	10.000
14.080	8.333
14.100	10.833
14.120	9.167
14.140	5.833
14.160	3.333
14.180	5.000
14.200	6.667
14.220	6.667
14.240	5.833
14.260	4.167
14.280	11.667
14.300	3.333
14.320	5.000
14.340	8.333
14.360	5.833
14.380	2.500
14.400	3.333
14.420	6.667
14.440	4.167
14.460	10.000
14.480	5.000
14.500	8.333
14.520	6.667
14.540	8.333
14.560	3.333
14.580	7.500
14.600	6.667
14.620	6.667
14.640	4.167
14.660	6.667
14.680	5.000
14.700	5.000
14.720	5.833
14.740	6.667
14.760	8.333
14.780	9.167
14.800	6.667
14.820	4.167
14.840	4.167
14.860	7.500
14.880	7.500
14.900	6.667
14.920	4.167
14.940	8.333
14.960	5.000
14.980	5.833
15.000	8.333
15.020	6.667
15.040	6.667
15.060	13.333
15.080	4.167
15.100	5.000
15.120	3.333
15.140	8.333
15.160	8.333
15.180	8.333
15.200	6.667
15.220	5.000
15.240	7.500
15.260	5.833
15.280	2.500
15.300	6.667
15.320	8.333
15.340	9.167
15.360	3.333
15.380	5.833
15.400	1.667
15.420	6.667
15.440	5.833
15.460	7.500
15.480	7.500
15.500	7.500
15.520	6.667
15.540	9.167
15.560	8.333
15.580	6.667
15.600	7.500
15.620	9.167
15.640	5.000
15.660	10.000
15.680	5.833
15.700	4.167
15.720	7.500
15.740	6.667
15.760	7.500
15.780	5.833
15.800	7.500
15.820	11.667
15.840	9.167
15.860	5.000
15.880	7.500
15.900	7.500
15.920	5.833
15.940	8.333
15.960	10.833
15.980	4.167
16.000	5.833
16.020	7.500
16.040	8.333
16.060	6.667
16.080	5.000
16.100	10.000
16.120	9.167
16.140	13.333
16.160	10.000
16.180	6.667
16.200	8.333
16.220	8.333
16.240	5.000
16.260	3.333
16.280	10.000
16.300	6.667
16.320	7.500
16.340	8.333
16.360	6.667
16.380	9.167
16.400	7.500
16.420	6.667
16.440	6.667
16.460	12.500
16.480	7.500
16.500	6.667
16.520	10.000
16.540	9.167
16.560	3.333
16.580	5.833
16.600	9.167
16.620	6.667
16.640	13.333
16.660	4.167
16.680	9.167
16.700	7.500
16.720	8.333
16.740	4.167
16.760	15.833
16.780	5.000
16.800	10.833
16.820	11.667
16.840	10.833
16.860	10.833
16.880	6.667
16.900	5.833
16.920	5.833
16.940	5.833
16.960	5.833
16.980	15.833
17.000	10.833
17.020	6.667
17.040	10.000
17.060	5.833
17.080	10.833
17.100	7.500
17.120	9.167
17.140	9.167
17.160	8.333
17.180	6.667
17.200	6.667
17.220	8.333
17.240	11.667
17.260	5.833
17.280	8.333
17.300	12.500
17.320	5.000
17.340	7.500
17.360	13.333
17.380	12.500
17.400	7.500
17.420	10.833
17.440	9.167
17.460	7.500
17.480	10.000
17.500	5.000
17.520	14.167
17.540	9.167
17.560	10.000
17.580	7.500
17.600	14.167
17.620	10.000
17.640	10.833
17.660	10.000
17.680	6.667
17.700	9.167
17.720	6.667
17.740	5.000
17.760	13.333
17.780	8.333
17.800	5.833
17.820	11.667
17.840	11.667
17.860	10.000
17.880	14.167
17.900	6.667
17.920	5.833
17.940	7.500
17.960	10.833
17.980	6.667
18.000	8.333
18.020	5.833
18.040	15.833
18.060	7.500
18.080	9.167
18.100	9.167
18.120	4.167
18.140	12.500
18.160	10.833
18.180	7.500
18.200	11.667
18.220	10.000
18.240	8.333
18.260	10.833
18.280	5.833
18.300	13.333
18.320	7.500
18.340	10.000
18.360	13.333
18.380	10.000
18.400	9.167
18.420	5.833
18.440	14.167
18.460	7.500
18.480	10.000
18.500	5.833
18.520	7.500
18.540	9.167
18.560	9.167
18.580	9.167
18.600	12.500
18.620	10.000
18.640	9.167
18.660	8.333
18.680	9.167
18.700	5.833
18.720	8.333
18.740	13.333
18.760	13.333
18.780	8.333
18.800	8.333
18.820	7.500
18.840	13.333
18.860	7.500
18.880	10.000
18.900	8.333
18.920	6.667
18.940	10.833
18.960	7.500
18.980	4.167
19.000	12.500
19.020	13.333
19.040	13.333
19.060	10.000
19.080	7.500
19.100	6.667
19.120	13.333
19.140	6.667
19.160	13.333
19.180	7.500
19.200	13.333
19.220	13.333
19.240	8.333
19.260	12.500
19.280	12.500
19.300	11.667
19.320	7.500
19.340	9.167
19.360	14.167
19.380	11.667
19.400	9.167
19.420	6.667
19.440	8.333
19.460	6.667
19.480	6.667
19.500	8.333
19.520	12.500
19.540	9.167
19.560	8.333
19.580	10.000
19.600	13.333
19.620	12.500
19.640	11.667
19.660	12.500
19.680	8.333
19.700	14.167
19.720	10.833
19.740	8.333
19.760	10.833
19.780	14.167
19.800	14.167
19.820	15.000
19.840	13.333
19.860	10.833
19.880	14.167
19.900	5.833
19.920	17.500
19.940	10.000
19.960	7.500
19.980	6.667
20.000	12.500
20.020	9.167
20.040	12.500
20.060	11.667
20.080	14.167
20.100	9.167
20.120	16.667
20.140	11.667
20.160	12.500
20.180	19.167
20.200	5.000
20.220	10.833
20.240	9.167
20.260	12.500
20.280	8.333
20.300	12.500
20.320	17.500
20.340	9.167
20.360	14.167
20.380	12.500
20.400	17.500
20.420	11.667
20.440	12.500
20.460	13.333
20.480	10.000
20.500	10.833
20.520	5.833
20.540	10.833
20.560	13.333
20.580	15.000
20.600	10.833
20.620	9.167
20.640	9.167
20.660	15.833
20.680	12.500
20.700	13.333
20.720	20.000
20.740	10.000
20.760	13.333
20.780	12.500
20.800	17.500
20.820	11.667
20.840	16.667
20.860	12.500
20.880	9.167
20.900	11.667
20.920	15.833
20.940	14.167
20.960	14.167
20.980	8.333
21.000	10.833
21.020	13.333
21.040	10.833
21.060	10.833
21.080	11.667
21.100	14.167
21.120	17.500
21.140	12.500
21.160	16.667
21.180	14.167
21.200	9.167
21.220	18.333
21.240	15.000
21.260	14.167
21.280	15.000
21.300	9.167
21.320	15.000
21.340	13.333
21.360	7.500
21.380	15.000
21.400	12.500
21.420	16.667
21.440	16.667
21.460	10.000
21.480	15.000
21.500	15.833
21.520	13.333
21.540	10.000
21.560	12.500
21.580	11.667
21.600	20.000
21.620	14.167
21.640	17.500
21.660	11.667
21.680	16.667
21.700	15.833
21.720	14.167
21.740	13.333
21.760	7.500
21.780	6.667
21.800	18.333
21.820	9.167
21.840	13.333
21.860	19.167
21.880	16.667
21.900	13.333
21.920	14.167
21.940	13.333
21.960	15.000
21.980	21.667
22.000	21.667
22.020	12.500
22.040	16.667
22.060	14.167
22.080	20.000
22.100	13.333
22.120	19.167
22.140	12.500
22.160	11.667
22.180	11.667
22.200	10.833
22.220	11.667
22.240	18.333
22.260	18.333
22.280	19.167
22.300	14.167
22.320	12.500
22.340	14.167
22.360	11.667
22.380	15.833
22.400	14.167
22.420	5.833
22.440	5.833
22.460	11.667
22.480	14.167
22.500	14.167
22.520	10.000
22.540	15.000
22.560	11.667
22.580	7.500
22.600	11.667
22.620	15.000
22.640	16.667
22.660	18.333
22.680	12.500
22.700	13.333
22.720	15.000
22.740	15.833
22.760	17.500
22.780	11.667
22.800	17.500
22.820	12.500
22.840	10.833
22.860	17.500
22.880	10.833
22.900	13.333
22.920	14.167
22.940	14.167
22.960	10.833
22.980	13.333
23.000	15.833
23.020	20.000
23.040	12.500
23.060	14.167
23.080	16.667
23.100	14.167
23.120	15.833
23.140	15.833
23.160	10.000
23.180	18.333
23.200	9.167
23.220	19.167
23.240	11.667
23.260	16.667
23.280	15.000
23.300	13.333
23.320	10.833
23.340	15.000
23.360	19.167
23.380	11.667
23.400	13.333
23.420	9.167
23.440	15.000
23.460	10.000
23.480	14.167
23.500	18.333
23.520	5.000
23.540	10.000
23.560	14.167
23.580	11.667
23.600	14.167
23.620	10.000
23.640	13.333
23.660	10.000
23.680	13.333
23.700	17.500
23.720	11.667
23.740	13.333
23.760	19.167
23.780	15.000
23.800	16.667
23.820	12.500
23.840	11.667
23.860	11.667
23.880	10.000
23.900	20.000
23.920	10.833
23.940	19.167
23.960	14.167
23.980	16.667
24.000	18.333
24.020	11.667
24.040	13.333
24.060	15.000
24.080	7.500
24.100	9.167
24.120	16.667
24.140	16.667
24.160	15.833
24.180	14.167
24.200	11.667
24.220	9.167
24.240	8.333
24.260	11.667
24.280	16.667
24.300	7.500
24.320	11.667
24.340	10.000
24.360	20.000
24.380	10.833
24.400	11.667
24.420	20.000
24.440	15.833
24.460	15.833
24.480	13.333
24.500	18.333
24.520	10.000
24.540	13.333
24.560	14.167
24.580	9.167
24.600	10.833
24.620	14.167
24.640	12.500
24.660	10.000
24.680	11.667
24.700	13.333
24.720	11.667
24.740	13.333
24.760	16.667
24.780	11.667
24.800	9.167
24.820	10.000
24.840	13.333
24.860	13.333
24.880	10.000
24.900	13.333
24.920	12.500
24.940	9.167
24.960	10.833
24.980	17.500
25.000	9.167
25.020	10.833
25.040	15.833
25.060	19.167
25.080	12.500
25.100	10.833
25.120	15.833
25.140	14.167
25.160	13.333
25.180	15.833
25.200	5.000
25.220	13.333
25.240	14.167
25.260	10.833
25.280	11.667
25.300	19.167
25.320	9.167
25.340	13.333
25.360	14.167
25.380	12.500
25.400	16.667
25.420	8.333
25.440	12.500
25.460	18.333
25.480	10.000
25.500	10.000
25.520	17.500
25.540	12.500
25.560	12.500
25.580	14.167
25.600	11.667
25.620	10.833
25.640	12.500
25.660	10.000
25.680	15.833
25.700	8.333
25.720	13.333
25.740	10.833
25.760	15.833
25.780	14.167
25.800	20.833
25.820	14.167
25.840	10.833
25.860	11.667
25.880	9.167
25.900	10.833
25.920	6.667
25.940	7.500
25.960	10.000
25.980	16.667
26.000	10.833
26.020	12.500
26.040	10.000
26.060	10.833
26.080	16.667
26.100	8.333
26.120	14.167
26.140	9.167
26.160	12.500
26.180	14.167
26.200	12.500
26.220	8.333
26.240	15.000
26.260	10.000
26.280	11.667
26.300	5.000
26.320	6.667
26.340	9.167
26.360	6.667
26.380	6.667
26.400	9.167
26.420	10.000
26.440	10.000
26.460	10.833
26.480	5.000
26.500	11.667
26.520	13.333
26.540	12.500
26.560	8.333
26.580	12.500
26.600	14.167
26.620	9.167
26.640	9.167
26.660	4.167
26.680	14.167
26.700	10.833
26.720	12.500
26.740	15.000
26.760	13.333
26.780	17.500
26.800	11.667
26.820	13.333
26.840	10.833
26.860	11.667
26.880	10.833
26.900	10.833
26.920	6.667
26.940	13.333
26.960	13.333
26.980	11.667
27.000	14.167
27.020	19.167
27.040	15.000
27.060	10.833
27.080	5.000
27.100	11.667
27.120	10.833
27.140	12.500
27.160	11.667
27.180	6.667
27.200	11.667
27.220	10.000
27.240	8.333
27.260	15.833
27.280	6.667
27.300	10.000
27.320	10.000
27.340	7.500
27.360	10.000
27.380	14.167
27.400	7.500
27.420	5.833
27.440	13.333
27.460	12.500
27.480	9.167
27.500	11.667
27.520	9.167
27.540	13.333
27.560	10.833
27.580	11.667
27.600	10.000
27.620	12.500
27.640	11.667
27.660	8.333
27.680	12.500
27.700	10.000
27.720	9.167
27.740	6.667
27.760	5.833
27.780	9.167
27.800	11.667
27.820	9.167
27.840	7.500
27.860	9.167
27.880	15.000
27.900	13.333
27.920	6.667
27.940	12.500
27.960	15.000
27.980	7.500
28.000	14.167
28.020	10.833
28.040	5.833
28.060	9.167
28.080	14.167
28.100	8.333
28.120	13.333
28.140	8.333
28.160	11.667
28.180	14.167
28.200	10.000
28.220	10.833
28.240	8.333
28.260	5.833
28.280	8.333
28.300	11.667
28.320	10.000
28.340	9.167
28.360	14.167
28.380	12.500
28.400	5.000
28.420	6.667
28.440	12.500
28.460	11.667
28.480	13.333
28.500	12.500
28.520	10.000
28.540	10.833
28.560	12.500
28.580	9.167
28.600	9.167
28.620	21.667
28.640	10.000
28.660	14.167
28.680	12.500
28.700	11.667
28.720	10.000
28.740	7.500
28.760	14.167
28.780	9.167
28.800	17.500
28.820	10.000
28.840	5.833
28.860	9.167
28.880	6.667
28.900	7.500
28.920	10.000
28.940	10.833
28.960	8.333
28.980	11.667
29.000	11.667
29.020	12.500
29.040	10.833
29.060	15.000
29.080	15.000
29.100	10.000
29.120	7.500
29.140	12.500
29.160	8.333
29.180	13.333
29.200	9.167
29.220	11.667
29.240	14.167
29.260	8.333
29.280	10.000
29.300	10.833
29.320	7.500
29.340	8.333
29.360	7.500
29.380	9.167
29.400	11.667
29.420	10.833
29.440	14.167
29.460	8.333
29.480	10.833
29.500	9.167
29.520	6.667
29.540	6.667
29.560	8.333
29.580	9.167
29.600	7.500
29.620	8.333
29.640	18.333
29.660	9.167
29.680	8.333
29.700	9.167
29.720	6.667
29.740	11.667
29.760	9.167
29.780	10.000
29.800	4.167
29.820	5.833
29.840	8.333
29.860	11.667
29.880	12.500
29.900	10.000
29.920	7.500
29.940	8.333
29.960	7.500
29.980	7.500
30.000	8.333
30.020	10.000
30.040	7.500
30.060	5.833
30.080	7.500
30.100	13.333
30.120	5.000
30.140	5.833
30.160	12.500
30.180	15.833
30.200	9.167
30.220	13.333
30.240	9.167
30.260	11.667
30.280	9.167
30.300	7.500
30.320	4.167
30.340	10.000
30.360	9.167
30.380	10.000
30.400	8.333
30.420	9.167
30.440	10.833
30.460	17.500
30.480	10.000
30.500	6.667
30.520	16.667
30.540	15.000
30.560	5.833
30.580	6.667
30.600	8.333
30.620	6.667
30.640	7.500
30.660	10.833
30.680	3.333
30.700	5.833
30.720	13.333
30.740	3.333
30.760	9.167
30.780	7.500
30.800	5.833
30.820	9.167
30.840	7.500
30.860	7.500
30.880	6.667
30.900	12.500
30.920	8.333
30.940	5.833
30.960	11.667
30.980	8.333
31.000	15.000
31.020	8.333
31.040	9.167
31.060	6.667
31.080	10.000
31.100	15.833
31.120	5.833
31.140	9.167
31.160	9.167
31.180	8.333
31.200	9.167
31.220	8.333
31.240	9.167
31.260	9.167
31.280	6.667
31.300	9.167
31.320	5.833
31.340	4.167
31.360	10.833
31.380	13.333
31.400	10.833
31.420	18.333
31.440	9.167
31.460	1.667
31.480	9.167
31.500	11.667
31.520	10.833
31.540	12.500
31.560	10.833
31.580	8.333
31.600	12.500
31.620	10.000
31.640	9.167
31.660	6.667
31.680	10.833
31.700	7.500
31.720	6.667
31.740	10.833
31.760	8.333
31.780	10.833
31.800	10.833
31.820	6.667
31.840	9.167
31.860	9.167
31.880	9.167
31.900	13.333
31.920	7.500
31.940	8.333
31.960	8.333
31.980	11.667
32.000	7.500
32.020	9.167
32.040	10.000
32.060	4.167
32.080	10.000
32.100	12.500
32.120	8.333
32.140	10.833
32.160	7.500
32.180	13.333
32.200	6.667
32.220	10.833
32.240	11.667
32.260	8.333
32.280	8.333
32.300	5.833
32.320	9.167
32.340	10.833
32.360	8.333
32.380	9.167
32.400	16.667
32.420	8.333
32.440	10.000
32.460	4.167
32.480	12.500
32.500	9.167
32.520	13.333
32.540	13.333
32.560	10.833
32.580	10.000
32.600	3.333
32.620	9.167
32.640	10.833
32.660	5.000
32.680	10.000
32.700	7.500
32.720	5.000
32.740	7.500
32.760	7.500
32.780	5.000
32.800	10.000
32.820	10.833
32.840	12.500
32.860	8.333
32.880	10.833
32.900	6.667
32.920	5.000
32.940	12.500
32.960	5.000
32.980	13.333
33.000	3.333
33.020	4.167
33.040	7.500
33.060	7.500
33.080	5.000
33.100	10.000
33.120	10.833
33.140	10.833
33.160	12.500
33.180	7.500
33.200	10.000
33.220	10.000
33.240	9.167
33.260	7.500
33.280	9.167
33.300	8.333
33.320	10.833
33.340	10.833
33.360	11.667
33.380	6.667
33.400	5.833
33.420	5.833
33.440	10.833
33.460	6.667
33.480	5.000
33.500	6.667
33.520	10.000
33.540	7.500
33.560	8.333
33.580	12.500
33.600	14.167
33.620	4.167
33.640	11.667
33.660	9.167
33.680	10.833
33.700	3.333
33.720	5.000
33.740	8.333
33.760	8.333
33.780	5.000
33.800	3.333
33.820	6.667
33.840	9.167
33.860	12.500
33.880	7.500
33.900	4.167
33.920	10.000
33.940	5.000
33.960	10.833
33.980	7.500
34.000	6.667
34.020	4.167
34.040	6.667
34.060	6.667
34.080	9.167
34.100	10.833
34.120	9.167
34.140	10.000
34.160	5.000
34.180	13.333
34.200	5.833
34.220	5.000
34.240	7.500
34.260	7.500
34.280	9.167
34.300	5.000
34.320	5.833
34.340	10.000
34.360	10.833
34.380	6.667
34.400	9.167
34.420	5.833
34.440	10.000
34.460	5.833
34.480	5.833
34.500	10.833
34.520	10.000
34.540	9.167
34.560	3.333
34.580	6.667
34.600	10.000
34.620	9.167
34.640	6.667
34.660	6.667
34.680	5.833
34.700	4.167
34.720	8.333
34.740	7.500
34.760	5.000
34.780	8.333
34.800	5.000
34.820	7.500
34.840	7.500
34.860	5.833
34.880	5.000
34.900	10.000
34.920	8.333
34.940	9.167
34.960	4.167
34.980	8.333
35.000	5.000
35.020	7.500
35.040	10.000
35.060	3.333
35.080	5.833
35.100	15.000
35.120	9.167
35.140	7.500
35.160	10.000
35.180	5.000
35.200	10.833
35.220	5.833
35.240	8.333
35.260	13.333
35.280	6.667
35.300	10.833
35.320	9.167
35.340	9.167
35.360	8.333
35.380	8.333
35.400	6.667
35.420	7.500
35.440	8.333
35.460	8.333
35.480	6.667
35.500	10.000
35.520	7.500
35.540	5.833
35.560	5.000
35.580	10.000
35.600	8.333
35.620	5.000
35.640	7.500
35.660	10.833
35.680	4.167
35.700	9.167
35.720	5.833
35.740	3.333
35.760	8.333
35.780	8.333
35.800	6.667
35.820	7.500
35.840	5.000
35.860	8.333
35.880	6.667
35.900	5.000
35.920	11.667
35.940	9.167
35.960	11.667
35.980	7.500
36.000	5.833
36.020	9.167
36.040	8.333
36.060	10.833
36.080	9.167
36.100	9.167
36.120	8.333
36.140	7.500
36.160	7.500
36.180	10.833
36.200	5.000
36.220	8.333
36.240	7.500
36.260	5.000
36.280	6.667
36.300	5.000
36.320	3.333
36.340	9.167
36.360	4.167
36.380	5.833
36.400	9.167
36.420	5.833
36.440	9.167
36.460	9.167
36.480	7.500
36.500	6.667
36.520	12.500
36.540	6.667
36.560	11.667
36.580	9.167
36.600	7.500
36.620	9.167
36.640	10.000
36.660	8.333
36.680	4.167
36.700	15.000
36.720	5.833
36.740	5.833
36.760	11.667
36.780	10.000
36.800	9.167
36.820	15.000
36.840	10.833
36.860	9.167
36.880	10.000
36.900	5.000
36.920	9.167
36.940	11.667
36.960	3.333
36.980	11.667
37.000	13.333
37.020	7.500
37.040	10.000
37.060	8.333
37.080	11.667
37.100	5.833
37.120	8.333
37.140	6.667
37.160	5.000
37.180	2.500
37.200	5.000
37.220	9.167
37.240	7.500
37.260	10.833
37.280	7.500
37.300	6.667
37.320	6.667
37.340	9.167
37.360	12.500
37.380	7.500
37.400	4.167
37.420	8.333
37.440	11.667
37.460	8.333
37.480	11.667
37.500	8.333
37.520	11.667
37.540	4.167
37.560	5.833
37.580	6.667
37.600	10.000
37.620	9.167
37.640	7.500
37.660	5.000
37.680	6.667
37.700	10.000
37.720	18.333
37.740	5.833
37.760	10.000
37.780	7.500
37.800	7.500
37.820	3.333
37.840	6.667
37.860	10.833
37.880	7.500
37.900	10.833
37.920	4.167
37.940	4.167
37.960	9.167
37.980	5.000
38.000	5.000
38.020	7.500
38.040	8.333
38.060	5.000
38.080	5.833
38.100	10.833
38.120	7.500
38.140	3.333
38.160	7.500
38.180	9.167
38.200	5.833
38.220	3.333
38.240	4.167
38.260	5.000
38.280	10.000
38.300	6.667
38.320	10.000
38.340	5.833
38.360	11.667
38.380	5.833
38.400	9.167
38.420	5.833
38.440	7.500
38.460	10.000
38.480	6.667
38.500	8.333
38.520	9.167
38.540	5.000
38.560	10.833
38.580	5.833
38.600	9.167
38.620	7.500
38.640	8.333
38.660	9.167
38.680	7.500
38.700	10.000
38.720	2.500
38.740	5.833
38.760	6.667
38.780	7.500
38.800	8.333
38.820	6.667
38.840	8.333
38.860	9.167
38.880	5.000
38.900	9.167
38.920	1.667
38.940	8.333
38.960	5.833
38.980	6.667
39.000	10.000
39.020	10.000
39.040	8.333
39.060	6.667
39.080	7.500
39.100	6.667
39.120	10.000
39.140	4.167
39.160	11.667
39.180	10.000
39.200	11.667
39.220	13.333
39.240	8.333
39.260	8.333
39.280	7.500
39.300	7.500
39.320	10.000
39.340	2.500
39.360	8.333
39.380	7.500
39.400	3.333
39.420	4.167
39.440	4.167
39.460	6.667
39.480	8.333
39.500	8.333
39.520	10.000
39.540	10.000
39.560	10.000
39.580	3.333
39.600	7.500
39.620	6.667
39.640	5.833
39.660	9.167
39.680	7.500
39.700	12.500
39.720	10.833
39.740	5.833
39.760	8.333
39.780	2.500
39.800	7.500
39.820	9.167
39.840	7.500
39.860	6.667
39.880	5.833
39.900	7.500
39.920	5.833
39.940	3.333
39.960	5.000
39.980	5.000
40.000	7.500
40.020	3.333
40.040	9.167
40.060	8.333
40.080	6.667
40.100	4.167
40.120	10.000
40.140	7.500
40.160	4.167
40.180	5.000
40.200	5.833
40.220	6.667
40.240	9.167
40.260	10.833
40.280	5.833
40.300	7.500
40.320	8.333
40.340	5.833
40.360	10.000
40.380	7.500
40.400	9.167
40.420	7.500
40.440	4.167
40.460	7.500
40.480	6.667
40.500	9.167
40.520	10.833
40.540	5.833
40.560	8.333
40.580	7.500
40.600	10.000
40.620	3.333
40.640	8.333
40.660	7.500
40.680	8.333
40.700	7.500
40.720	4.167
40.740	2.500
40.760	7.500
40.780	10.833
40.800	7.500
40.820	5.833
40.840	4.167
40.860	8.333
40.880	10.833
40.900	7.500
40.920	6.667
40.940	5.833
40.960	6.667
40.980	8.333
41.000	6.667
41.020	10.000
41.040	8.333
41.060	5.000
41.080	1.667
41.100	5.833
41.120	2.500
41.140	12.500
41.160	9.167
41.180	7.500
41.200	4.167
41.220	8.333
41.240	8.333
41.260	8.333
41.280	3.333
41.300	6.667
41.320	7.500
41.340	4.167
41.360	9.167
41.380	9.167
41.400	5.833
41.420	8.333
41.440	5.833
41.460	7.500
41.480	7.500
41.500	5.000
41.520	5.833
41.540	6.667
41.560	6.667
41.580	10.000
41.600	5.833
41.620	3.333
41.640	5.000
41.660	4.167
41.680	7.500
41.700	5.000
41.720	5.833
41.740	9.167
41.760	6.667
41.780	6.667
41.800	5.000
41.820	6.667
41.840	3.333
41.860	5.000
41.880	7.500
41.900	7.500
41.920	5.833
41.940	5.833
41.960	7.500
41.980	8.333
42.000	7.500
42.020	5.833
42.040	5.833
42.060	4.167
42.080	7.500
42.100	10.000
42.120	3.333
42.140	6.667
42.160	10.000
42.180	5.833
42.200	8.333
42.220	10.833
42.240	5.000
42.260	6.667
42.280	6.667
42.300	6.667
42.320	5.000
42.340	3.333
42.360	3.333
42.380	6.667
42.400	4.167
42.420	5.000
42.440	9.167
42.460	7.500
42.480	5.000
42.500	13.333
42.520	2.500
42.540	13.333
42.560	4.167
42.580	10.833
42.600	1.667
42.620	2.500
42.640	6.667
42.660	8.333
42.680	7.500
42.700	6.667
42.720	2.500
42.740	4.167
42.760	3.333
42.780	8.333
42.800	5.833
42.820	8.333
42.840	7.500
42.860	6.667
42.880	7.500
42.900	7.500
42.920	7.500
42.940	10.000
42.960	5.833
42.980	9.167
43.000	6.667
43.020	10.833
43.040	4.167
43.060	7.500
43.080	10.000
43.100	4.167
43.120	10.833
43.140	2.500
43.160	2.500
43.180	9.167
43.200	6.667
43.220	5.833
43.240	4.167
43.260	10.000
43.280	5.833
43.300	10.833
43.320	4.167
43.340	7.500
43.360	7.500
43.380	7.500
43.400	9.167
43.420	8.333
43.440	3.333
43.460	5.000
43.480	6.667
43.500	5.000
43.520	10.833
43.540	8.333
43.560	9.167
43.580	5.833
43.600	7.500
43.620	6.667
43.640	10.000
43.660	5.833
43.680	9.167
43.700	5.000
43.720	3.333
43.740	5.833
43.760	14.167
43.780	7.500
43.800	4.167
43.820	7.500
43.840	5.000
43.860	3.333
43.880	6.667
43.900	8.333
43.920	2.500
43.940	7.500
43.960	10.000
43.980	5.833
44.000	3.333
44.020	5.833
44.040	7.500
44.060	2.500
44.080	9.167
44.100	6.667
44.120	6.667
44.140	2.500
44.160	10.000
44.180	8.333
44.200	10.000
44.220	8.333
44.240	5.000
44.260	7.500
44.280	3.333
44.300	8.333
44.320	9.167
44.340	1.667
44.360	5.000
44.380	5.833
44.400	6.667
44.420	8.333
44.440	7.500
44.460	10.000
44.480	6.667
44.500	9.167
44.520	5.833
44.540	7.500
44.560	1.667
44.580	6.667
44.600	6.667
44.620	5.833
44.640	1.667
44.660	8.333
44.680	5.833
44.700	5.833
44.720	7.500
44.740	4.167
44.760	5.833
44.780	9.167
44.800	5.000
44.820	5.000
44.840	7.500
44.860	4.167
44.880	6.667
44.900	1.667
44.920	7.500
44.940	6.667
44.960	7.500
44.980	8.333
45.000	6.667
45.020	5.000
45.040	5.833
45.060	6.667
45.080	5.833
45.100	10.000
45.120	0.833
45.140	5.000
45.160	5.833
45.180	9.167
45.200	9.167
45.220	3.333
45.240	5.833
45.260	6.667
45.280	6.667
45.300	5.000
45.320	5.833
45.340	7.500
45.360	2.500
45.380	7.500
45.400	8.333
45.420	7.500
45.440	4.167
45.460	7.500
45.480	6.667
45.500	10.000
45.520	7.500
45.540	5.833
45.560	6.667
45.580	1.667
45.600	8.333
45.620	5.000
45.640	10.000
45.660	10.833
45.680	8.333
45.700	5.000
45.720	9.167
45.740	4.167
45.760	4.167
45.780	2.500
45.800	3.333
45.820	5.000
45.840	4.167
45.860	3.333
45.880	4.167
45.900	9.167
45.920	5.833
45.940	7.500
45.960	9.167
45.980	6.667
46.000	8.333
46.020	1.667
46.040	6.667
46.060	3.333
46.080	4.167
46.100	7.500
46.120	5.833
46.140	10.000
46.160	3.333
46.180	5.000
46.200	3.333
46.220	5.000
46.240	5.833
46.260	8.333
46.280	4.167
46.300	4.167
46.320	5.000
46.340	5.000
46.360	6.667
46.380	5.000
46.400	8.333
46.420	8.333
46.440	8.333
46.460	5.000
46.480	2.500
46.500	7.500
46.520	7.500
46.540	8.333
46.560	6.667
46.580	5.833
46.600	8.333
46.620	6.667
46.640	10.000
46.660	5.833
46.680	4.167
46.700	8.333
46.720	3.333
46.740	4.167
46.760	8.333
46.780	3.333
46.800	5.000
46.820	6.667
46.840	7.500
46.860	6.667
46.880	7.500
46.900	9.167
46.920	6.667
46.940	5.000
46.960	4.167
46.980	4.167
47.000	2.500
47.020	7.500
47.040	5.000
47.060	3.333
47.080	10.000
47.100	5.000
47.120	10.000
47.140	12.500
47.160	3.333
47.180	4.167
47.200	7.500
47.220	11.667
47.240	4.167
47.260	5.000
47.280	4.167
47.300	7.500
47.320	3.333
47.340	8.333
47.360	5.833
47.380	3.333
47.400	7.500
47.420	3.333
47.440	1.667
47.460	5.833
47.480	9.167
47.500	7.500
47.520	6.667
47.540	7.500
47.560	2.500
47.580	4.167
47.600	6.667
47.620	5.833
47.640	5.000
47.660	9.167
47.680	5.833
47.700	5.000
47.720	7.500
47.740	4.167
47.760	4.167
47.780	4.167
47.800	4.167
47.820	6.667
47.840	4.167
47.860	7.500
47.880	9.167
47.900	5.000
47.920	4.167
47.940	3.333
47.960	9.167
47.980	6.667
48.000	4.167
48.020	8.333
48.040	5.000
48.060	8.333
48.080	6.667
48.100	5.000
48.120	9.167
48.140	1.667
48.160	5.833
48.180	5.000
48.200	3.333
48.220	4.167
48.240	7.500
48.260	7.500
48.280	6.667
48.300	5.000
48.320	3.333
48.340	7.500
48.360	6.667
48.380	9.167
48.400	7.500
48.420	8.333
48.440	6.667
48.460	2.500
48.480	4.167
48.500	11.667
48.520	3.333
48.540	5.833
48.560	5.000
48.580	7.500
48.600	4.167
48.620	6.667
48.640	5.833
48.660	8.333
48.680	3.333
48.700	2.500
48.720	7.500
48.740	5.833
48.760	9.167
48.780	6.667
48.800	5.000
48.820	5.000
48.840	6.667
48.860	3.333
48.880	7.500
48.900	7.500
48.920	3.333
48.940	6.667
48.960	3.333
48.980	10.000
49.000	5.000
49.020	10.000
49.040	6.667
49.060	5.000
49.080	1.667
49.100	7.500
49.120	5.000
49.140	10.833
49.160	3.333
49.180	6.667
49.200	4.167
49.220	5.000
49.240	7.500
49.260	3.333
49.280	10.000
49.300	0.833
49.320	4.167
49.340	5.833
49.360	5.833
49.380	3.333
49.400	1.667
49.420	5.000
49.440	7.500
49.460	5.833
49.480	5.833
49.500	4.167
49.520	6.667
49.540	6.667
49.560	8.333
49.580	4.167
49.600	3.333
49.620	1.667
49.640	5.833
49.660	6.667
49.680	3.333
49.700	13.333
49.720	5.833
49.740	2.500
49.760	7.500
49.780	5.000
49.800	1.667
49.820	7.500
49.840	5.000
49.860	6.667
49.880	4.167
49.900	2.500
49.920	6.667
49.940	5.833
49.960	3.333
49.980	9.167
50.000	5.000
50.020	3.333
50.040	2.500
50.060	3.333
50.080	8.333
50.100	5.000
50.120	8.333
50.140	6.667
50.160	4.167
50.180	10.833
50.200	5.000
50.220	5.000
50.240	5.000
50.260	5.833
50.280	5.000
50.300	6.667
50.320	5.000
50.340	5.833
50.360	5.833
50.380	7.500
50.400	4.167
50.420	5.000
50.440	5.000
50.460	3.333
50.480	5.833
50.500	3.333
50.520	5.000
50.540	4.167
50.560	0.833
50.580	9.167
50.600	10.833
50.620	1.667
50.640	5.833
50.660	4.167
50.680	5.833
50.700	5.833
50.720	4.167
50.740	7.500
50.760	5.000
50.780	3.333
50.800	5.000
50.820	5.000
50.840	4.167
50.860	3.333
50.880	8.333
50.900	5.000
50.920	4.167
50.940	5.000
50.960	3.333
50.980	8.333
51.000	3.333
51.020	4.167
51.040	1.667
51.060	6.667
51.080	5.833
51.100	4.167
51.120	5.000
51.140	8.333
51.160	4.167
51.180	5.833
51.200	3.333
51.220	2.500
51.240	10.833
51.260	6.667
51.280	5.000
51.300	7.500
51.320	7.500
51.340	2.500
51.360	2.500
51.380	4.167
51.400	4.167
51.420	5.000
51.440	9.167
51.460	8.333
51.480	5.833
51.500	6.667
51.520	2.500
51.540	5.000
51.560	3.333
51.580	3.333
51.600	4.167
51.620	6.667
51.640	4.167
51.660	9.167
51.680	5.833
51.700	2.500
51.720	1.667
51.740	1.667
51.760	3.333
51.780	3.333
51.800	5.000
51.820	5.000
51.840	1.667
51.860	4.167
51.880	4.167
51.900	5.000
51.920	2.500
51.940	4.167
51.960	3.333
51.980	5.000
52.000	5.833
52.020	3.333
52.040	5.000
52.060	1.667
52.080	1.667
52.100	2.500
52.120	5.000
52.140	4.167
52.160	4.167
52.180	4.167
52.200	6.667
52.220	4.167
52.240	6.667
52.260	3.333
52.280	4.167
52.300	4.167
52.320	6.667
52.340	1.667
52.360	4.167
52.380	5.833
52.400	9.167
52.420	2.500
52.440	3.333
52.460	4.167
52.480	9.167
52.500	10.833
52.520	5.000
52.540	3.333
52.560	2.500
52.580	5.833
52.600	3.333
52.620	4.167
52.640	5.000
52.660	4.167
52.680	2.500
52.700	5.833
52.720	1.667
52.740	3.333
52.760	3.333
52.780	5.833
52.800	3.333
52.820	8.333
52.840	5.833
52.860	7.500
52.880	5.000
52.900	5.833
52.920	5.833
52.940	2.500
52.960	0.833
52.980	3.333
53.000	3.333
53.020	4.167
53.040	5.000
53.060	2.500
53.080	1.667
53.100	3.333
53.120	3.333
53.140	5.000
53.160	3.333
53.180	10.000
53.200	7.500
53.220	1.667
53.240	7.500
53.260	3.333
53.280	3.333
53.300	5.000
53.320	5.833
53.340	3.333
53.360	5.833
53.380	3.333
53.400	4.167
53.420	6.667
53.440	2.500
53.460	5.833
53.480	4.167
53.500	2.500
53.520	3.333
53.540	5.833
53.560	10.833
53.580	3.333
53.600	7.500
53.620	5.833
53.640	2.500
53.660	5.000
53.680	10.833
53.700	5.000
53.720	2.500
53.740	0.833
53.760	7.500
53.780	5.000
53.800	5.833
53.820	9.167
53.840	6.667
53.860	4.167
53.880	5.000
53.900	3.333
53.920	2.500
53.940	1.667
53.960	5.000
53.980	4.167
54.000	4.167
54.020	6.667
54.040	4.167
54.060	7.500
54.080	5.833
54.100	3.333
54.120	5.000
54.140	3.333
54.160	4.167
54.180	1.667
54.200	1.667
54.220	6.667
54.240	1.667
54.260	1.667
54.280	5.000
54.300	3.333
54.320	4.167
54.340	3.333
54.360	7.500
54.380	10.833
54.400	5.833
54.420	2.500
54.440	6.667
54.460	5.833
54.480	3.333
54.500	4.167
54.520	0.000
54.540	4.167
54.560	5.000
54.580	5.000
54.600	0.833
54.620	6.667
54.640	5.833
54.660	7.500
54.680	4.167
54.700	5.833
54.720	5.833
54.740	5.833
54.760	7.500
54.780	3.333
54.800	6.667
54.820	5.833
54.840	7.500
54.860	3.333
54.880	3.333
54.900	5.000
54.920	5.833
54.940	5.833
54.960	3.333
54.980	1.667
55.000	3.333
55.020	3.333
55.040	5.000
55.060	5.000
55.080	5.833
55.100	1.667
55.120	6.667
55.140	3.333
55.160	3.333
55.180	5.000
55.200	7.500
55.220	2.500
55.240	5.833
55.260	4.167
55.280	3.333
55.300	4.167
55.320	0.000
55.340	5.000
55.360	4.167
55.380	4.167
55.400	11.667
55.420	5.833
55.440	5.833
55.460	2.500
55.480	4.167
55.500	7.500
55.520	5.000
55.540	5.000
55.560	4.167
55.580	5.000
55.600	4.167
55.620	7.500
55.640	6.667
55.660	5.000
55.680	5.000
55.700	7.500
55.720	7.500
55.740	5.833
55.760	5.000
55.780	6.667
55.800	6.667
55.820	5.000
55.840	5.000
55.860	5.833
55.880	2.500
55.900	6.667
55.920	3.333
55.940	5.833
55.960	5.000
55.980	5.000
56.000	5.833
56.020	5.000
56.040	3.333
56.060	5.000
56.080	5.833
56.100	4.167
56.120	4.167
56.140	5.000
56.160	4.167
56.180	5.000
56.200	3.333
56.220	1.667
56.240	6.667
56.260	3.333
56.280	2.500
56.300	7.500
56.320	1.667
56.340	6.667
56.360	6.667
56.380	5.833
56.400	5.833
56.420	4.167
56.440	6.667
56.460	1.667
56.480	4.167
56.500	5.000
56.520	4.167
56.540	2.500
56.560	7.500
56.580	5.833
56.600	5.833
56.620	2.500
56.640	4.167
56.660	8.333
56.680	5.000
56.700	4.167
56.720	5.000
56.740	5.000
56.760	5.000
56.780	4.167
56.800	5.833
56.820	5.000
56.840	3.333
56.860	6.667
56.880	4.167
56.900	7.500
56.920	1.667
56.940	3.333
56.960	5.000
56.980	1.667
57.000	4.167
57.020	7.500
57.040	5.000
57.060	8.333
57.080	2.500
57.100	0.833
57.120	3.333
57.140	2.500
57.160	6.667
57.180	2.500
57.200	4.167
57.220	4.167
57.240	3.333
57.260	7.500
57.280	2.500
57.300	4.167
57.320	5.833
57.340	7.500
57.360	5.833
57.380	0.833
57.400	2.500
57.420	8.333
57.440	3.333
57.460	4.167
57.480	3.333
57.500	5.000
57.520	6.667
57.540	6.667
57.560	6.667
57.580	4.167
57.600	1.667
57.620	2.500
57.640	5.833
57.660	4.167
57.680	3.333
57.700	5.833
57.720	4.167
57.740	1.667
57.760	4.167
57.780	5.833
57.800	2.500
57.820	4.167
57.840	6.667
57.860	5.000
57.880	7.500
57.900	5.000
57.920	5.833
57.940	4.167
57.960	5.000
57.980	3.333
58.000	5.000
58.020	8.333
58.040	5.000
58.060	7.500
58.080	5.000
58.100	5.000
58.120	3.333
58.140	8.333
58.160	2.500
58.180	7.500
58.200	1.667
58.220	4.167
58.240	5.833
58.260	3.333
58.280	8.333
58.300	3.333
58.320	2.500
58.340	2.500
58.360	4.167
58.380	11.667
58.400	8.333
58.420	1.667
58.440	5.833
58.460	2.500
58.480	1.667
58.500	4.167
58.520	5.000
58.540	5.000
58.560	5.000
58.580	8.333
58.600	1.667
58.620	3.333
58.640	6.667
58.660	3.333
58.680	8.333
58.700	5.000
58.720	0.833
58.740	5.833
58.760	2.500
58.780	6.667
58.800	1.667
58.820	3.333
58.840	5.000
58.860	4.167
58.880	1.667
58.900	7.500
58.920	5.000
58.940	10.000
58.960	2.500
58.980	5.833
59.000	3.333
59.020	2.500
59.040	3.333
59.060	5.000
59.080	10.833
59.100	4.167
59.120	4.167
59.140	2.500
59.160	3.333
59.180	5.000
59.200	6.667
59.220	5.000
59.240	5.000
59.260	1.667
59.280	9.167
59.300	3.333
59.320	7.500
59.340	7.500
59.360	4.167
59.380	3.333
59.400	3.333
59.420	5.833
59.440	3.333
59.460	5.000
59.480	10.000
59.500	4.167
59.520	2.500
59.540	2.500
59.560	4.167
59.580	2.500
59.600	5.000
59.620	5.833
59.640	5.833
59.660	5.833
59.680	2.500
59.700	7.500
59.720	5.833
59.740	4.167
59.760	2.500
59.780	5.833
59.800	3.333
59.820	1.667
59.840	4.167
59.860	4.167
59.880	2.500
59.900	2.500
59.920	2.500
59.940	2.500
59.960	5.000
59.980	8.333
60.000	2.500
60.020	1.667
60.040	0.833
60.060	3.333
60.080	5.000
60.100	4.167
60.120	2.500
60.140	4.167
60.160	3.333
60.180	4.167
60.200	2.500
60.220	3.333
60.240	1.667
60.260	7.500
60.280	6.667
60.300	5.833
60.320	3.333
60.340	3.333
60.360	6.667
60.380	3.333
60.400	6.667
60.420	2.500
60.440	8.333
60.460	5.000
60.480	5.000
60.500	5.000
60.520	2.500
60.540	5.000
60.560	4.167
60.580	6.667
60.600	5.000
60.620	5.833
60.640	5.833
60.660	3.333
60.680	2.500
60.700	5.833
60.720	5.833
60.740	4.167
60.760	5.833
60.780	5.833
60.800	5.000
60.820	3.333
60.840	4.167
60.860	5.000
60.880	3.333
60.900	4.167
60.920	5.000
60.940	8.333
60.960	2.500
60.980	2.500
61.000	6.667
61.020	4.167
61.040	1.667
61.060	2.500
61.080	3.333
61.100	1.667
61.120	5.000
61.140	3.333
61.160	2.500
61.180	5.000
61.200	11.667
61.220	4.167
61.240	4.167
61.260	1.667
61.280	4.167
61.300	3.333
61.320	3.333
61.340	5.000
61.360	5.000
61.380	8.333
61.400	2.500
61.420	4.167
61.440	5.000
61.460	3.333
61.480	3.333
61.500	5.000
61.520	7.500
61.540	4.167
61.560	3.333
61.580	5.000
61.600	5.000
61.620	3.333
61.640	5.833
61.660	0.833
61.680	5.000
61.700	3.333
61.720	5.833
61.740	3.333
61.760	6.667
61.780	5.833
61.800	0.833
61.820	2.500
61.840	3.333
61.860	1.667
61.880	4.167
61.900	6.667
61.920	7.500
61.940	2.500
61.960	9.167
61.980	1.667
62.000	1.667
62.020	2.500
62.040	4.167
62.060	2.500
62.080	5.000
62.100	8.333
62.120	6.667
62.140	4.167
62.160	6.667
62.180	4.167
62.200	7.500
62.220	5.000
62.240	2.500
62.260	1.667
62.280	3.333
62.300	3.333
62.320	5.000
62.340	3.333
62.360	8.333
62.380	9.167
62.400	5.000
62.420	6.667
62.440	3.333
62.460	3.333
62.480	9.167
62.500	2.500
62.520	4.167
62.540	5.000
62.560	3.333
62.580	6.667
62.600	5.000
62.620	5.833
62.640	1.667
62.660	4.167
62.680	5.000
62.700	4.167
62.720	7.500
62.740	2.500
62.760	7.500
62.780	4.167
62.800	6.667
62.820	3.333
62.840	8.333
62.860	6.667
62.880	6.667
62.900	5.833
62.920	5.833
62.940	5.000
62.960	5.000
62.980	5.833
63.000	5.000
63.020	5.000
63.040	4.167
63.060	7.500
63.080	5.000
63.100	5.000
63.120	5.833
63.140	2.500
63.160	6.667
63.180	0.000
63.200	8.333
63.220	5.833
63.240	7.500
63.260	2.500
63.280	5.000
63.300	3.333
63.320	7.500
63.340	5.833
63.360	1.667
63.380	4.167
63.400	4.167
63.420	6.667
63.440	5.833
63.460	4.167
63.480	3.333
63.500	6.667
63.520	5.000
63.540	8.333
63.560	5.000
63.580	2.500
63.600	4.167
63.620	3.333
63.640	1.667
63.660	5.833
63.680	6.667
63.700	6.667
63.720	3.333
63.740	6.667
63.760	3.333
63.780	3.333
63.800	5.833
63.820	5.000
63.840	2.500
63.860	5.000
63.880	4.167
63.900	1.667
63.920	5.833
63.940	4.167
63.960	5.833
63.980	1.667
64.000	4.167
64.020	7.500
64.040	1.667
64.060	6.667
64.080	8.333
64.100	5.000
64.120	8.333
64.140	5.833
64.160	4.167
64.180	5.000
64.200	2.500
64.220	5.833
64.240	3.333
64.260	5.000
64.280	4.167
64.300	1.667
64.320	2.500
64.340	2.500
64.360	5.833
64.380	6.667
64.400	5.833
64.420	5.000
64.440	2.500
64.460	3.333
64.480	6.667
64.500	6.667
64.520	6.667
64.540	2.500
64.560	5.000
64.580	5.833
64.600	3.333
64.620	4.167
64.640	1.667
64.660	4.167
64.680	1.667
64.700	5.833
64.720	4.167
64.740	5.000
64.760	4.167
64.780	9.167
64.800	4.167
64.820	5.833
64.840	5.000
64.860	7.500
64.880	2.500
64.900	4.167
64.920	5.833
64.940	5.000
64.960	4.167
64.980	5.833
65.000	2.500
65.020	9.167
65.040	5.833
65.060	3.333
65.080	6.667
65.100	3.333
65.120	5.000
65.140	4.167
65.160	4.167
65.180	4.167
65.200	5.000
65.220	5.833
65.240	3.333
65.260	2.500
65.280	6.667
65.300	5.833
65.320	3.333
65.340	3.333
65.360	8.333
65.380	5.000
65.400	3.333
65.420	5.000
65.440	2.500
65.460	4.167
65.480	2.500
65.500	8.333
65.520	4.167
65.540	4.167
65.560	5.833
65.580	10.833
65.600	5.000
65.620	6.667
65.640	6.667
65.660	4.167
65.680	1.667
65.700	5.833
65.720	4.167
65.740	2.500
65.760	3.333
65.780	3.333
65.800	2.500
65.820	5.833
65.840	9.167
65.860	5.000
65.880	4.167
65.900	3.333
65.920	5.000
65.940	3.333
65.960	0.833
65.980	5.833
66.000	4.167
66.020	1.667
66.040	5.833
66.060	2.500
66.080	7.500
66.100	5.000
66.120	5.000
66.140	3.333
66.160	5.000
66.180	2.500
66.200	4.167
66.220	4.167
66.240	2.500
66.260	5.833
66.280	5.833
66.300	5.833
66.320	1.667
66.340	2.500
66.360	3.333
66.380	5.833
66.400	0.833
66.420	6.667
66.440	3.333
66.460	6.667
66.480	5.000
66.500	7.500
66.520	4.167
66.540	2.500
66.560	5.833
66.580	5.000
66.600	5.000
66.620	5.000
66.640	5.000
66.660	5.000
66.680	3.333
66.700	5.000
66.720	5.833
66.740	6.667
66.760	4.167
66.780	3.333
66.800	2.500
66.820	4.167
66.840	1.667
66.860	3.333
66.880	1.667
66.900	5.000
66.920	2.500
66.940	5.000
66.960	0.833
66.980	4.167
67.000	6.667
67.020	4.167
67.040	3.333
67.060	6.667
67.080	5.833
67.100	2.500
67.120	5.000
67.140	5.000
67.160	1.667
67.180	0.000
67.200	7.500
67.220	3.333
67.240	5.833
67.260	6.667
67.280	5.000
67.300	2.500
67.320	5.000
67.340	2.500
67.360	5.833
67.380	2.500
67.400	2.500
67.420	0.833
67.440	5.000
67.460	2.500
67.480	1.667
67.500	3.333
67.520	6.667
67.540	5.833
67.560	2.500
67.580	4.167
67.600	6.667
67.620	5.000
67.640	4.167
67.660	6.667
67.680	4.167
67.700	3.333
67.720	3.333
67.740	5.833
67.760	3.333
67.780	5.000
67.800	4.167
67.820	3.333
67.840	5.000
67.860	3.333
67.880	5.000
67.900	4.167
67.920	7.500
67.940	2.500
67.960	7.500
67.980	5.000
68.000	7.500
68.020	5.000
68.040	3.333
68.060	4.167
68.080	5.000
68.100	3.333
68.120	3.333
68.140	3.333
68.160	1.667
68.180	1.667
68.200	5.000
68.220	5.000
68.240	3.333
68.260	5.833
68.280	5.000
68.300	5.000
68.320	7.500
68.340	4.167
68.360	6.667
68.380	2.500
68.400	6.667
68.420	2.500
68.440	3.333
68.460	4.167
68.480	8.333
68.500	3.333
68.520	4.167
68.540	4.167
68.560	7.500
68.580	4.167
68.600	0.833
68.620	1.667
68.640	13.333
68.660	4.167
68.680	2.500
68.700	5.000
68.720	3.333
68.740	5.833
68.760	2.500
68.780	3.333
68.800	4.167
68.820	5.833
68.840	1.667
68.860	4.167
68.880	0.000
68.900	5.000
68.920	4.167
68.940	5.000
68.960	9.167
68.980	4.167
69.000	5.000
69.020	4.167
69.040	4.167
69.060	8.333
69.080	5.000
69.100	8.333
69.120	3.333
69.140	6.667
69.160	3.333
69.180	2.500
69.200	4.167
69.220	6.667
69.240	5.000
69.260	7.500
69.280	3.333
69.300	7.500
69.320	5.833
69.340	5.000
69.360	1.667
69.380	2.500
69.400	0.833
69.420	5.000
69.440	5.000
69.460	4.167
69.480	3.333
69.500	6.667
69.520	5.000
69.540	1.667
69.560	2.500
69.580	1.667
69.600	10.833
69.620	3.333
69.640	4.167
69.660	6.667
69.680	4.167
69.700	4.167
69.720	5.000
69.740	4.167
69.760	3.333
69.780	9.167
69.800	4.167
69.820	8.333
69.840	5.000
69.860	4.167
69.880	5.833
69.900	8.333
69.920	4.167
69.940	4.167
69.960	5.833
69.980	7.500
70.000	4.167
